VV_A03: 362,274,58,40
VV_A04: 495,256,62,38
VV_A05: 475,947,54,40
VV_B02: 366,332,48,70
VV_B04: 526,10,48,74
VV_B05: 509,116,48,70
VV_B06: 652,1226,48,70
VV_B08: 577,1288,48,70
VV_C01: 410,1202,48,105
VV_C02: 391,1330,142,35
VV_E01: 604,1773,48,175
VV_B07: 1053,2130,110,38
VV_A01: 10,1623,48,40
VV_A02: 1060,2188,51,40
VV_C04: 1403,1031,142,35
VV_A06: 1585,1780,48,35
VV_D01: 1581,1100,109,75
VV_C03: 985,243,142,35
VV_A09: 1186,1054,48,35
VV_A07: 13,1874,48,35
VV_B01: 1209,1745,101,35
VV_A08: 1296,1058,48,35
