GATE_IDDC_HI: 1199,1248,48,35
IDDC_S01: 452,1362,48,35
IDDC_A17: 996,889,48,35
IDDC_A21: 1148,826,48,35
IDDC_D01: 1198,1335,48,155
IDDC_A03: 614,1468,48,35
IDDC_A04: 258,1512,48,35
IDDC_A02: 386,1468,48,35
IDDC_A05: 377,1533,48,35
IDDC_S06: 868,1693,48,35
IDDC_A01: 461,1414,48,35
IDDC_C02: 452,1461,152,35
IDDC_C03: 696,977,48,115
IDDC_B04: 574,1000,100,35
IDDC_A08: 499,1012,48,35
IDDC_B06: 309,1017,48,75
IDDC_A12: 372,1057,48,35
IDDC_S03: 246,1103,48,35
IDDC_B15: 427,1107,100,35
IDDC_B07: 552,1108,100,35
IDDC_A09: 595,1059,48,35
IDDC_A11: 814,1149,48,35
IDDC_A16: 944,960,48,35
IDDC_A15: 826,1582,48,35
IDDC_A14: 803,1642,48,35
IDDC_A23: 1200,1292,48,35
IDDC_A07: 78,1463,74,55
IDDC_C01: 437,1545,152,35
IDDC_A22: 1142,787,48,35
IDDC_S02: 1147,746,48,35
IDDC_A10: 1090,789,48,35
IDDC_A24: 1172,1576,48,35
IDDC_B14: 1146,1486,48,75
IDDC_B12: 1034,1528,100,35
IDDC_B13: 1228,1574,100,35
IDDC_A19: 1060,1624,55,39
IDDC_C06: 1129,1620,48,115
IDDC_A20: 1020,1720,48,35
IDDC_A26: 1021,1148,48,35
GATE_CRID_IDDC: 964,1149,48,35
IDDC_S04: 966,1193,48,35
IDDC_B11: 976,1541,48,75
IDDC_A13: 914,1734,48,35
IDDC_B09: 786,1734,113,39
IDDC_B03: 379,1007,100,35
IDDC_A18: 1037,1577,48,35
IDDC_A27: 1110,1575,48,35
IDDC_B16: 670,1109,100,35
IDDC_B05: 317,1109,100,35
IDDC_B01: 260,1466,100,35
IDDC_C04: 425,1058,152,35
IDDC_A06: 701,1463,48,35
IDDC_B02: 178,1471,48,75
IDDC_B08: 756,1524,100,35
IDDC_A28: 860,1646,48,35
IDDC_B10: 920,1641,100,35
IDDC_A25: 1201,1503,48,35
IDDC_C05: 998,851,152,35
GATE_IDDC_LF: 10,1481,48,35
IDDC_DREAM: 20,1401,100,75
