PBA1_TEST3: 331,577,48,35
PBA1_ROOF2: 580,521,48,35
PBA1_INSIDE2: 552,586,54,39
PBA1_TEST4: 392,566,100,40
PBA1_ROOF1: 475,522,100,35
PBA1_INSIDE1: 501,585,48,35
PBA1_PIPES5: 162,568,100,35
PBA1_S01: 268,538,48,35
PBA1_PIPES1: 276,579,48,35
PBA1_PIPES2: 268,539,48,35
PBA1_SEWER2: 476,678,59,35
PBA1_PIPES3: 498,622,48,35
PBA1_SEWER3: 654,678,48,35
PBA1_PIPES4: 549,630,108,40
PBA1_PIPES7: 394,620,100,38
PBA1_WALL1: 629,548,48,75
PBA1_SEWER1: 540,678,109,35
PBA1_INSIDE3: 62,566,48,35
PBA1_PIPES6: 113,567,48,35
PBA1_HYPEAURA: 10,492,48,118
